   25.63   29.52    1.16    4.89   -1.67   38.00   36.01   -3.57   19.89   -6.82
   35.01   25.24   34.39   24.55    3.16   36.74   -5.31   18.70    5.91   25.10
   31.13   32.03   27.45    8.47   -0.31   30.21   23.55   28.90   20.88    1.66
   18.41   20.10   -4.33   -3.40   19.12   19.86   13.79   23.69    2.62   12.63
   -4.19   14.83    2.19   31.30   28.06   -7.08   -9.14    6.22   35.72   -5.93
   -5.70   -9.19   -0.07   31.17   29.01   -1.87   23.18    5.24   -5.62   27.00
   29.37    3.46   27.08   19.22   25.06   28.53   26.44   22.12   -1.48    3.80
   25.67   -6.10   28.31   11.41   16.17   32.89   32.85   36.16   37.66   12.03
   36.80   34.37    3.48    7.92   30.89    5.91   23.08   -1.16   -2.98   26.77
   31.79   18.39   36.71   21.89   -2.94   -0.55    9.06   -4.05   18.26   38.88
   35.72   -5.06   17.34   13.56   11.46    9.21   10.73   38.60   35.70    3.32
    0.66   39.18    4.85   30.04   19.91   28.36   27.40    5.31   27.22   21.34
    2.99   14.15   35.46   12.44   27.46   14.52   17.59    9.96   15.59   11.89
   23.02   -2.48    1.03   27.96   -0.88   19.81   12.00   23.45    3.60    7.88
   18.81   11.21   -1.58   -1.79   18.13   12.53   12.59    5.65   40.15   -8.68
